30 6
100 45 77 31 29 100
-1 100 50 -1 -1 -1
100 -1 -1 200 300 -1
50 -1 -1 -1 800 -1
-1 200 -1 -1 -1 800
-1 300 800 -1 -1 200
-1 -1 -1 800 200 -1
0 5
0 2
1 5
2 4
4 1
-1 -1
4 10
100 14 47 63 79 21 61 64 61 100 
-1 758 803 103 283 523 671 580 686 553 
758 -1 860 934 510 270 728 777 159 773 
803 860 -1 575 183 345 396 444 289 187 
103 934 575 -1 324 419 131 152 761 630 
283 510 183 324 -1 664 842 203 500 875 
523 270 345 419 664 -1 335 237 586 376 
671 728 396 131 842 335 -1 178 969 720 
580 777 444 152 203 237 178 -1 930 667 
686 159 289 761 500 586 969 930 -1 429 
553 773 187 630 875 376 720 667 429 -1 
5 8
7 2
1 3
-1 -1
0 0
